0
3
7
11
15
19
23
27
31
35
39
43
47
51
55
59
63
67
71
75
79
83
87
91
95
99
103
107
111
115
119
123
127
131
135
139
143
147
151
155
159
163
167
171
175
179
183
187
191
195
199
203
207
211
215
219
223
227
231
235
239
243
247
251
255
259
263
267
271
275
279
283
287
291
295
299
303
307
311
315
319
323
327
331
335
339
343
347
351
355
359
363
367
371
375
379
383
387
390
394
399
404
409
414
419
424
429
434
439
444
449
454
459
464
469
474
479
484
489
494
499
504
509
514
519
524
529
534
539
544
549
554
559
564
569
574
579
584
589
594
599
604
609
614
619
624
629
634
639
644
649
654
659
664
669
674
679
684
689
694
699
704
709
714
719
724
729
734
739
744
749
754
759
764
769
774
779
784
789
794
799
804
809
814
819
824
829
834
839
844
849
854
859
864
869
874
878
882
887
892
897
902
907
912
917
922
927
932
937
942
947
952
957
962
967
972
977
982
987
992
997
1002
1007
1012
1017
1022
1027
1032
1037
1042
1047
1052
1057
1062
1067
1072
1077
1082
1087
1092
1097
1102
1107
1112
1117
1122
1127
1132
1137
1142
1147
1152
1157
1162
1167
1172
1177
1182
1187
1192
1197
1202
1207
1212
1217
1222
1227
1232
1237
1242
1247
1252
1257
1262
1267
1272
1277
1282
1287
1292
1297
1302
1307
1312
1317
1322
1327
1332
1337
1342
1347
1352
1357
1362
1366
1370
1375
1380
1385
1390
1395
1400
1405
1410
1415
1420
1425
1430
1435
1440
1445
1450
1455
1460
1465
1470
1475
1480
1485
1490
1495
1500
1505
1510
1515
1520
1525
1530
1535
1540
1545
1550
1555
1560
1565
1570
1575
1580
1585
1590
1595
1600
1605
1610
1615
1620
1625
1630
1635
1640
1645
1650
1655
1660
1665
1670
1675
1680
1685
1690
1695
1700
1705
1710
1715
1720
1725
1730
1735
1740
1745
1750
1755
1760
1765
1770
1775
1780
1785
1790
1795
1800
1805
1810
1815
1820
1825
1830
1835
1840
1845
1850
1854
1858
1863
1868
1873
1878
1883
1888
1893
1898
1903
1908
1913
1918
1923
1928
1933
1938
1943
1948
1953
1958
1963
1968
1973
1978
1983
1988
1993
1998
2003
2008
2013
2018
2023
2028
2033
2038
2043
2048
2053
2058
2063
2068
2073
2078
2083
2088
2093
2098
2103
2108
2113
2118
2123
2128
2133
2138
2143
2148
2153
2158
2163
2168
2173
2178
2183
2188
2193
2198
2203
2208
2213
2218
2223
2228
2233
2238
2243
2248
2253
2258
2263
2268
2273
2278
2283
2288
2293
2298
2303
2308
2313
2318
2323
2328
2333
2338
2342
2346
2351
2356
2361
2366
2371
2376
2381
2386
2391
2396
2401
2406
2411
2416
2421
2426
2431
2436
2441
2446
2451
2456
2461
2466
2471
2476
2481
2486
2491
2496
2501
2506
2511
2516
2521
2526
2531
2536
2541
2546
2551
2556
2561
2566
2571
2576
2581
2586
2591
2596
2601
2606
2611
2616
2621
2626
2631
2636
2641
2646
2651
2656
2661
2666
2671
2676
2681
2686
2691
2696
2701
2706
2711
2716
2721
2726
2731
2736
2741
2746
2751
2756
2761
2766
2771
2776
2781
2786
2791
2796
2801
2806
2811
2816
2821
2826
2830
2834
2839
2844
2849
2854
2859
2864
2869
2874
2879
2884
2889
2894
2899
2904
2909
2914
2919
2924
2929
2934
2939
2944
2949
2954
2959
2964
2969
2974
2979
2984
2989
2994
2999
3004
3009
3014
3019
3024
3029
3034
3039
3044
3049
3054
3059
3064
3069
3074
3079
3084
3089
3094
3099
3104
3109
3114
3119
3124
3129
3134
3139
3144
3149
3154
3159
3164
3169
3174
3179
3184
3189
3194
3199
3204
3209
3214
3219
3224
3229
3234
3239
3244
3249
3254
3259
3264
3269
3274
3279
3284
3289
3294
3299
3304
3309
3314
3318
3322
3327
3332
3337
3342
3347
3352
3357
3362
3367
3372
3377
3382
3387
3392
3397
3402
3407
3412
3417
3422
3427
3432
3437
3442
3447
3452
3457
3462
3467
3472
3477
3482
3487
3492
3497
3502
3507
3512
3517
3522
3527
3532
3537
3542
3547
3552
3557
3562
3567
3572
3577
3582
3587
3592
3597
3602
3607
3612
3617
3622
3627
3632
3637
3642
3647
3652
3657
3662
3667
3672
3677
3682
3687
3692
3697
3702
3707
3712
3717
3722
3727
3732
3737
3742
3747
3752
3757
3762
3767
3772
3777
3782
3787
3792
3797
3802
3806
3810
3815
3820
3825
3830
3835
3840
3845
3850
3855
3860
3865
3870
3875
3880
3885
3890
3895
3900
3905
3910
3915
3920
3925
3930
3935
3940
3945
3950
3955
3960
3965
3970
3975
3980
3985
3990
3995
4000
4005
4010
4015
4020
4025
4030
4035
4040
4045
4050
4055
4060
4065
4070
4075
4080
4085
4090
4095
4100
4105
4110
4115
4120
4125
4130
4135
4140
4145
4150
4155
4160
4165
4170
4175
4180
4185
4190
4195
4200
4205
4210
4215
4220
4225
4230
4235
4240
4245
4250
4255
4260
4265
4270
4275
4280
4285
4290
4294
4298
4303
4308
4313
4318
4323
4328
4333
4338
4343
4348
4353
4358
4363
4368
4373
4378
4383
4388
4393
4398
4403
4408
4413
4418
4423
4428
4433
4438
4443
4448
4453
4458
4463
4468
4473
4478
4483
4488
4493
4498
4503
4508
4513
4518
4523
4528
4533
4538
4543
4548
4553
4558
4563
4568
4573
4578
4583
4588
4593
4598
4603
4608
4613
4618
4623
4628
4633
4638
4643
4648
4653
4658
4663
4668
4673
4678
4683
4688
4693
4698
4703
4708
4713
4718
4723
4728
4733
4738
4743
4748
4753
4758
4763
4768
4773
4778
4782
4786
4791
4796
4801
4806
4811
4816
4821
4826
4831
4836
4841
4846
4851
4856
4861
4866
4871
4876
4881
4886
4891
4896
4901
4906
4911
4916
4921
4926
4931
4936
4941
4946
4951
4956
4961
4966
4971
4976
4981
4986
4991
4996
5001
5006
5011
5016
5021
5026
5031
5036
5041
5046
5051
5056
5061
5066
5071
5076
5081
5086
5091
5096
5101
5106
5111
5116
5121
5126
5131
5136
5141
5146
5151
5156
5161
5166
5171
5176
5181
5186
5191
5196
5201
5206
5211
5216
5221
5226
5231
5236
5241
5246
5251
5256
5261
5266
5270
5274
5279
5284
5289
5294
5299
5304
5309
5314
5319
5324
5329
5334
5339
5344
5349
5354
5359
5364
5369
5374
5379
5384
5389
5394
5399
5404
5409
5414
5419
5424
5429
5434
5439
5444
5449
5454
5459
5464
5469
5474
5479
5484
5489
5494
5499
5504
5509
5514
5519
5524
5529
5534
5539
5544
5549
5554
5559
5564
5569
5574
5579
5584
5589
5594
5599
5604
5609
5614
5619
5624
5629
5634
5639
5644
5649
5654
5659
5664
5669
5674
5679
5684
5689
5694
5699
5704
5709
5714
5719
5724
5729
5734
5739
5744
5749
5754
5758
5762
5767
5772
5777
5782
5787
5792
5797
5802
5807
5812
5817
5822
5827
5832
5837
5842
5847
5852
5857
5862
5867
5872
5877
5882
5887
5892
5897
5902
5907
5912
5917
5922
5927
5932
5937
5942
5947
5952
5957
5962
5967
5972
5977
5982
5987
5992
5997
6002
6007
6012
6017
6022
6027
6032
6037
6042
6047
6052
6057
6062
6067
6072
6077
6082
6087
6092
6097
6102
6107
6112
6117
6122
6127
6132
6137
6142
6147
6152
6157
6162
6167
6172
6177
6182
6187
6192
6197
6202
6207
6212
6217
6222
6227
6232
6237
6242
6246
6250
6255
6260
6265
6270
6275
6280
6285
6290
6295
6300
6305
6310
6315
6320
6325
6330
6335
6340
6345
6350
6355
6360
6365
6370
6375
6380
6385
6390
6395
6400
6405
6410
6415
6420
6425
6430
6435
6440
6445
6450
6455
6460
6465
6470
6475
6480
6485
6490
6495
6500
6505
6510
6515
6520
6525
6530
6535
6540
6545
6550
6555
6560
6565
6570
6575
6580
6585
6590
6595
6600
6605
6610
6615
6620
6625
6630
6635
6640
6645
6650
6655
6660
6665
6670
6675
6680
6685
6690
6695
6700
6705
6710
6715
6720
6725
6730
6734
6738
6743
6748
6753
6758
6763
6768
6773
6778
6783
6788
6793
6798
6803
6808
6813
6818
6823
6828
6833
6838
6843
6848
6853
6858
6863
6868
6873
6878
6883
6888
6893
6898
6903
6908
6913
6918
6923
6928
6933
6938
6943
6948
6953
6958
6963
6968
6973
6978
6983
6988
6993
6998
7003
7008
7013
7018
7023
7028
7033
7038
7043
7048
7053
7058
7063
7068
7073
7078
7083
7088
7093
7098
7103
7108
7113
7118
7123
7128
7133
7138
7143
7148
7153
7158
7163
7168
7173
7178
7183
7188
7193
7198
7203
7208
7213
7218
7222
7226
7231
7236
7241
7246
7251
7256
7261
7266
7271
7276
7281
7286
7291
7296
7301
7306
7311
7316
7321
7326
7331
7336
7341
7346
7351
7356
7361
7366
7371
7376
7381
7386
7391
7396
7401
7406
7411
7416
7421
7426
7431
7436
7441
7446
7451
7456
7461
7466
7471
7476
7481
7486
7491
7496
7501
7506
7511
7516
7521
7526
7531
7536
7541
7546
7551
7556
7561
7566
7571
7576
7581
7586
7591
7596
7601
7606
7611
7616
7621
7626
7631
7636
7641
7646
7651
7656
7661
7666
7671
7676
7681
7686
7691
7696
7701
7706
7710
7714
7719
7724
7729
7734
7739
7744
7749
7754
7759
7764
7769
7774
7779
7784
7789
7794
7799
7804
7809
7814
7819
7824
7829
7834
7839
7844
7849
7854
7859
7864
7869
7874
7879
7884
7889
7894
7899
7904
7909
7914
7919
7924
7929
7934
7939
7944
7949
7954
7959
7964
7969
7974
7979
7984
7989
7994
7999
8004
8009
8014
8019
8024
8029
8034
8039
8044
8049
8054
8059
8064
8069
8074
8079
8084
8089
8094
8099
8104
8109
8114
8119
8124
8129
8134
8139
8144
8149
8154
8159
8164
8169
8174
8179
8184
8189
8194
8198
8202
8207
8212
8217
8222
8227
8232
8237
8242
8247
8252
8257
8262
8267
8272
8277
8282
8287
8292
8297
8302
8307
8312
8317
8322
8327
8332
8337
8342
8347
8352
8357
8362
8367
8372
8377
8382
8387
8392
8397
8402
8407
8412
8417
8422
8427
8432
8437
8442
8447
8452
8457
8462
8467
8472
8477
8482
8487
8492
8497
8502
8507
8512
8517
8522
8527
8532
8537
8542
8547
8552
8557
8562
8567
8572
8577
8582
8587
8592
8597
8602
8607
8612
8617
8622
8627
8632
8637
8642
8647
8652
8657
8662
8667
8672
8677
8682
8686
8690
8695
8700
8705
8710
8715
8720
8725
8730
8735
8740
8745
8750
8755
8760
8765
8770
8775
8780
8785
8790
8795
8800
8805
8810
8815
8820
8825
8830
8835
8840
8845
8850
8855
8860
8865
8870
8875
8880
8885
8890
8895
8900
8905
8910
8915
8920
8925
8930
8935
8940
8945
8950
8955
8960
8965
8970
8975
8980
8985
8990
8995
9000
9005
9010
9015
9020
9025
9030
9035
9040
9045
9050
9055
9060
9065
9070
9075
9080
9085
9090
9095
9100
9105
9110
9115
9120
9125
9130
9135
9140
9145
9150
9155
9160
9165
9170
9174
9178
9183
9188
9193
9198
9203
9208
9213
9218
9223
9228
9233
9238
9243
9248
9253
9258
9263
9268
9273
9278
9283
9288
9293
9298
9303
9308
9313
9318
9323
9328
9333
9338
9343
9348
9353
9358
9363
9368
9373
9378
9383
9388
9393
9398
9403
9408
9413
9418
9423
9428
9433
9438
9443
9448
9453
9458
9463
9468
9473
9478
9483
9488
9493
9498
9503
9508
9513
9518
9523
9528
9533
9538
9543
9548
9553
9558
9563
9568
9573
9578
9583
9588
9593
9598
9603
9608
9613
9618
9623
9628
9633
9638
9643
9648
9653
9658
9662
9666
9671
9676
9681
9686
9691
9696
9701
9706
9711
9716
9721
9726
9731
9736
9741
9746
9751
9756
9761
9766
9771
9776
9781
9786
9791
9796
9801
9806
9811
9816
9821
9826
9831
9836
9841
9846
9851
9856
9861
9866
9871
9876
9881
9886
9891
9896
9901
9906
9911
9916
9921
9926
9931
9936
9941
9946
9951
9956
9961
9966
9971
9976
9981
9986
9991
9996
10001
10006
10011
10016
10021
10026
10031
10036
10041
10046
10051
10056
10061
10066
10071
10076
10081
10086
10091
10096
10101
10106
10111
10116
10121
10126
10131
10136
10141
10146
10150
10154
10159
10164
10169
10174
10179
10184
10189
10194
10199
10204
10209
10214
10219
10224
10229
10234
10239
10244
10249
10254
10259
10264
10269
10274
10279
10284
10289
10294
10299
10304
10309
10314
10319
10324
10329
10334
10339
10344
10349
10354
10359
10364
10369
10374
10379
10384
10389
10394
10399
10404
10409
10414
10419
10424
10429
10434
10439
10444
10449
10454
10459
10464
10469
10474
10479
10484
10489
10494
10499
10504
10509
10514
10519
10524
10529
10534
10539
10544
10549
10554
10559
10564
10569
10574
10579
10584
10589
10594
10599
10604
10609
10614
10619
10624
10629
10634
10638
10642
10647
10652
10657
10662
10667
10672
10677
10682
10687
10692
10697
10702
10707
10712
10717
10722
10727
10732
10737
10742
10747
10752
10757
10762
10767
10772
10777
10782
10787
10792
10797
10802
10807
10812
10817
10822
10827
10832
10837
10842
10847
10852
10857
10862
10867
10872
10877
10882
10887
10892
10897
10902
10907
10912
10917
10922
10927
10932
10937
10942
10947
10952
10957
10962
10967
10972
10977
10982
10987
10992
10997
11002
11007
11012
11017
11022
11027
11032
11037
11042
11047
11052
11057
11062
11067
11072
11077
11082
11087
11092
11097
11102
11107
11112
11117
11122
11126
11130
11135
11140
11145
11150
11155
11160
11165
11170
11175
11180
11185
11190
11195
11200
11205
11210
11215
11220
11225
11230
11235
11240
11245
11250
11255
11260
11265
11270
11275
11280
11285
11290
11295
11300
11305
11310
11315
11320
11325
11330
11335
11340
11345
11350
11355
11360
11365
11370
11375
11380
11385
11390
11395
11400
11405
11410
11415
11420
11425
11430
11435
11440
11445
11450
11455
11460
11465
11470
11475
11480
11485
11490
11495
11500
11505
11510
11515
11520
11525
11530
11535
11540
11545
11550
11555
11560
11565
11570
11575
11580
11585
11590
11595
11600
11605
11610
11614
11618
11623
11628
11633
11638
11643
11648
11653
11658
11663
11668
11673
11678
11683
11688
11693
11698
11703
11708
11713
11718
11723
11728
11733
11738
11743
11748
11753
11758
11763
11768
11773
11778
11783
11788
11793
11798
11803
11808
11813
11818
11823
11828
11833
11838
11843
11848
11853
11858
11863
11868
11873
11878
11883
11888
11893
11898
11903
11908
11913
11918
11923
11928
11933
11938
11943
11948
11953
11958
11963
11968
11973
11978
11983
11988
11993
11998
12003
12008
12013
12018
12023
12028
12033
12038
12043
12048
12053
12058
12063
12068
12073
12078
12083
12088
12093
12098
12102
12106
12111
12116
12121
12126
12131
12136
12141
12146
12151
12156
12161
12166
12171
12176
12181
12186
12191
12196
12201
12206
12211
12216
12221
12226
12231
12236
12241
12246
12251
12256
12261
12266
12271
12276
12281
12286
12291
12296
12301
12306
12311
12316
12321
12326
12331
12336
12341
12346
12351
12356
12361
12366
12371
12376
12381
12386
12391
12396
12401
12406
12411
12416
12421
12426
12431
12436
12441
12446
12451
12456
12461
12466
12471
12476
12481
12486
12491
12496
12501
12506
12511
12516
12521
12526
12531
12536
12541
12546
12551
12556
12561
12566
12571
12576
12581
12586
12590
12594
12599
12604
12609
12614
12619
12624
12629
12634
12639
12644
12649
12654
12659
12664
12669
12674
12679
12684
12689
12694
12699
12704
12709
12714
12719
12724
12729
12734
12739
12744
12749
12754
12759
12764
12769
12774
12779
12784
12789
12794
12799
12804
12809
12814
12819
12824
12829
12834
12839
12844
12849
12854
12859
12864
12869
12874
12879
12884
12889
12894
12899
12904
12909
12914
12919
12924
12929
12934
12939
12944
12949
12954
12959
12964
12969
12974
12979
12984
12989
12994
12999
13004
13009
13014
13019
13024
13029
13034
13039
13044
13049
13054
13059
13064
13069
13074
13078
13082
13087
13092
13097
13102
13107
13112
13117
13122
13127
13132
13137
13142
13147
13152
13157
13162
13167
13172
13177
13182
13187
13192
13197
13202
13207
13212
13217
13222
13227
13232
13237
13242
13247
13252
13257
13262
13267
13272
13277
13282
13287
13292
13297
13302
13307
13312
13317
13322
13327
13332
13337
13342
13347
13352
13357
13362
13367
13372
13377
13382
13387
13392
13397
13402
13407
13412
13417
13422
13427
13432
13437
13442
13447
13452
13457
13462
13467
13472
13477
13482
13487
13492
13497
13502
13507
13512
13517
13522
13527
13532
13537
13542
13547
13552
13557
13562
13566
13570
13575
13580
13585
13590
13595
13600
13605
13610
13615
13620
13625
13630
13635
13640
13645
13650
13655
13660
13665
13670
13675
13680
13685
13690
13695
13700
13705
13710
13715
13720
13725
13730
13735
13740
13745
13750
13755
13760
13765
13770
13775
13780
13785
13790
13795
13800
13805
13810
13815
13820
13825
13830
13835
13840
13845
13850
13855
13860
13865
13870
13875
13880
13885
13890
13895
13900
13905
13910
13915
13920
13925
13930
13935
13940
13945
13950
13955
13960
13965
13970
13975
13980
13985
13990
13995
14000
14005
14010
14015
14020
14025
14030
14035
14040
14045
14050
14054
14058
14063
14068
14073
14078
14083
14088
14093
14098
14103
14108
14113
14118
14123
14128
14133
14138
14143
14148
14153
14158
14163
14168
14173
14178
14183
14188
14193
14198
14203
14208
14213
14218
14223
14228
14233
14238
14243
14248
14253
14258
14263
14268
14273
14278
14283
14288
14293
14298
14303
14308
14313
14318
14323
14328
14333
14338
14343
14348
14353
14358
14363
14368
14373
14378
14383
14388
14393
14398
14403
14408
14413
14418
14423
14428
14433
14438
14443
14448
14453
14458
14463
14468
14473
14478
14483
14488
14493
14498
14503
14508
14513
14518
14523
14528
14533
14538
14542
14546
14551
14556
14561
14566
14571
14576
14581
14586
14591
14596
14601
14606
14611
14616
14621
14626
14631
14636
14641
14646
14651
14656
14661
14666
14671
14676
14681
14686
14691
14696
14701
14706
14711
14716
14721
14726
14731
14736
14741
14746
14751
14756
14761
14766
14771
14776
14781
14786
14791
14796
14801
14806
14811
14816
14821
14826
14831
14836
14841
14846
14851
14856
14861
14866
14871
14876
14881
14886
14891
14896
14901
14906
14911
14916
14921
14926
14931
14936
14941
14946
14951
14956
14961
14966
14971
14976
14981
14986
14991
14996
15001
15006
15011
15016
15021
15026
15030
15034
15039
15044
15049
15054
15059
15064
15069
15074
15079
15084
15089
15094
15099
15104
15109
15114
15119
15124
15129
15134
15139
15144
15149
15154
15159
15164
15169
15174
15179
15184
15189
15194
15199
15204
15209
15214
15219
15224
15229
15234
15239
15244
15249
15254
15259
15264
15269
15274
15279
15284
15289
15294
15299
15304
15309
15314
15319
15324
15329
15334
15339
15344
15349
15354
15359
15364
15369
15374
15379
15384
15389
15394
15399
15404
15409
15414
15419
15424
15429
15434
15439
15444
15449
15454
15459
15464
15469
15474
15479
15484
15489
15494
15499
15504
15509
15514
15518
15522
15527
15532
15537
15542
15547
15552
15557
15562
15567
15572
15577
15582
15587
15592
15597
15602
15607
15612
15617
15622
15627
15632
15637
15642
15647
15652
15657
15662
15667
15672
15677
15682
15687
15692
15697
15702
15707
15712
15717
15722
15727
15732
15737
15742
15747
15752
15757
15762
15767
15772
15777
15782
15787
15792
15797
15802
15807
15812
15817
15822
15827
15832
15837
15842
15847
15852
15857
15862
15867
15872
15877
15882
15887
15892
15897
15902
15907
15912
15917
15922
15927
15932
15937
15942
15947
15952
15957
15962
15967
15972
15977
15982
15987
15992
15997
16002
16006
16010
16015
16020
16025
16030
16035
16040
16045
16050
16055
16060
16065
16070
16075
16080
16085
16090
16095
16100
16105
16110
16115
16120
16125
16130
16135
16140
16145
16150
16155
16160
16165
16170
16175
16180
16185
16190
16195
16200
16205
16210
16215
16220
16225
16230
16235
16240
16245
16250
16255
16260
16265
16270
16275
16280
16285
16290
16295
16300
16305
16310
16315
16320
16325
16330
16335
16340
16345
16350
16355
16360
16365
16370
16375
16380
16385
16390
16395
16400
16405
16410
16415
16420
16425
16430
16435
16440
16445
16450
16455
16460
16465
16470
16475
16480
16485
16490
16494
16498
16503
16508
16513
16518
16523
16528
16533
16538
16543
16548
16553
16558
16563
16568
16573
16578
16583
16588
16593
16598
16603
16608
16613
16618
16623
16628
16633
16638
16643
16648
16653
16658
16663
16668
16673
16678
16683
16688
16693
16698
16703
16708
16713
16718
16723
16728
16733
16738
16743
16748
16753
16758
16763
16768
16773
16778
16783
16788
16793
16798
16803
16808
16813
16818
16823
16828
16833
16838
16843
16848
16853
16858
16863
16868
16873
16878
16883
16888
16893
16898
16903
16908
16913
16918
16923
16928
16933
16938
16943
16948
16953
16958
16963
16968
16973
16978
16982
16986
16991
16996
17001
17006
17011
17016
17021
17026
17031
17036
17041
17046
17051
17056
17061
17066
17071
17076
17081
17086
17091
17096
17101
17106
17111
17116
17121
17126
17131
17136
17141
17146
17151
17156
17161
17166
17171
17176
17181
17186
17191
17196
17201
17206
17211
17216
17221
17226
17231
17236
17241
17246
17251
17256
17261
17266
17271
17276
17281
17286
17291
17296
17301
17306
17311
17316
17321
17326
17331
17336
17341
17346
17351
17356
17361
17366
17371
17376
17381
17386
17391
17396
17401
17406
17411
17416
17421
17426
17431
17436
17441
17446
17451
17456
17461
17466
17470
17474
17479
17484
17489
17494
17499
17504
17509
17514
17519
17524
17529
17534
17539
17544
17549
17554
17559
17564
17569
17574
17579
17584
17589
17594
17599
17604
17609
17614
17619
17624
17629
17634
17639
17644
17649
17654
17659
17664
17669
17674
17679
17684
17689
17694
17699
17704
17709
17714
17719
17724
17729
17734
17739
17744
17749
17754
17759
17764
17769
17774
17779
17784
17789
17794
17799
17804
17809
17814
17819
17824
17829
17834
17839
17844
17849
17854
17859
17864
17869
17874
17879
17884
17889
17894
17899
17904
17909
17914
17919
17924
17929
17934
17939
17944
17949
17954
17958
17962
17967
17972
17977
17982
17987
17992
17997
18002
18007
18012
18017
18022
18027
18032
18037
18042
18047
18052
18057
18062
18067
18072
18077
18082
18087
18092
18097
18102
18107
18112
18117
18122
18127
18132
18137
18142
18147
18152
18157
18162
18167
18172
18177
18182
18187
18192
18197
18202
18207
18212
18217
18222
18227
18232
18237
18242
18247
18252
18257
18262
18267
18272
18277
18282
18287
18292
18297
18302
18307
18312
18317
18322
18327
18332
18337
18342
18347
18352
18357
18362
18367
18372
18377
18382
18387
18392
18397
18402
18407
18412
18417
18422
18427
18432
18437
18442
18446
18450
18455
18460
18465
18470
18475
18480
18485
18490
18495
18500
18505
18510
18515
18520
18525
18530
18535
18540
18545
18550
18555
18560
18565
18570
18575
18580
18585
18590
18595
18600
18605
18610
18615
18620
18625
18630
18635
18640
18645
18650
18655
18660
18665
18670
18675
18680
18685
18690
18695
18700
18705
18710
18715
18720
18725
18730
18735
18740
18745
18750
18755
18760
18765
18770
18775
18780
18785
18790
18795
18800
18805
18810
18815
18820
18825
18830
18835
18840
18845
18850
18855
18860
18865
18870
18875
18880
18885
18890
18895
18900
18905
18910
18915
18920
18925
18930
18934
18938
18943
18948
18953
18958
18963
18968
18973
18978
18983
18988
18993
18998
19003
19008
19013
19018
19023
19028
19033
19038
19043
19048
19053
19058
19063
19068
19073
19078
19083
19088
19093
19098
19103
19108
19113
19118
19123
19128
19133
19138
19143
19148
19153
19158
19163
19168
19173
19178
19183
19188
19193
19198
19203
19208
19213
19218
19223
19228
19233
19238
19243
19248
19253
19258
19263
19268
19273
19278
19283
19288
19293
19298
19303
19308
19313
19318
19323
19328
19333
19338
19343
19348
19353
19358
19363
19368
19373
19378
19383
19388
19393
19398
19403
19408
19413
19418
19422
19426
19431
19436
19441
19446
19451
19456
19461
19466
19471
19476
19481
19486
19491
19496
19501
19506
19511
19516
19521
19526
19531
19536
19541
19546
19551
19556
19561
19566
19571
19576
19581
19586
19591
19596
19601
19606
19611
19616
19621
19626
19631
19636
19641
19646
19651
19656
19661
19666
19671
19676
19681
19686
19691
19696
19701
19706
19711
19716
19721
19726
19731
19736
19741
19746
19751
19756
19761
19766
19771
19776
19781
19786
19791
19796
19801
19806
19811
19816
19821
19826
19831
19836
19841
19846
19851
19856
19861
19866
19871
19876
19881
19886
19891
19896
19901
19906
19910
19914
19919
19924
19929
19934
19939
19944
19949
19954
19959
19964
19969
19974
19979
19984
19989
19994
19999
20004
20009
20014
20019
20024
20029
20034
20039
20044
20049
20054
20059
20064
20069
20074
20079
20084
20089
20094
20099
20104
20109
20114
20119
20124
20129
20134
20139
20144
20149
20154
20159
20164
20169
20174
20179
20184
20189
20194
20199
20204
20209
20214
20219
20224
20229
20234
20239
20244
20249
20254
20259
20264
20269
20274
20279
20284
20289
20294
20299
20304
20309
20314
20319
20324
20329
20334
20339
20344
20349
20354
20359
20364
20369
20374
20379
20384
20389
20394
20398
20402
20407
20412
20417
20422
20427
20432
20437
20442
20447
20452
20457
20462
20467
20472
20477
20482
20487
20492
20497
20502
20507
20512
20517
20522
20527
20532
20537
20542
20547
20552
20557
20562
20567
20572
20577
20582
20587
20592
20597
20602
20607
20612
20617
20622
20627
20632
20637
20642
20647
20652
20657
20662
20667
20672
20677
20682
20687
20692
20697
20702
20707
20712
20717
20722
20727
20732
20737
20742
20747
20752
20757
20762
20767
20772
20777
20782
20787
20792
20797
20802
20807
20812
20817
20822
20827
20832
20837
20842
20847
20852
20857
20862
20867
20872
20877
20882
20886
20890
20895
20900
20905
20910
20915
20920
20925
20930
20935
20940
20945
20950
20955
20960
20965
20970
20975
20980
20985
20990
20995
21000
21005
21010
21015
21020
21025
21030
21035
21040
21045
21050
21055
21060
21065
21070
21075
21080
21085
21090
21095
21100
21105
21110
21115
21120
21125
21130
21135
21140
21145
21150
21155
21160
21165
21170
21175
21180
21185
21190
21195
21200
21205
21210
21215
21220
21225
21230
21235
21240
21245
21250
21255
21260
21265
21270
21275
21280
21285
21290
21295
21300
21305
21310
21315
21320
21325
21330
21335
21340
21345
21350
21355
21360
21365
21370
21374
21378
21383
21388
21393
21398
21403
21408
21413
21418
21423
21428
21433
21438
21443
21448
21453
21458
21463
21468
21473
21478
21483
21488
21493
21498
21503
21508
21513
21518
21523
21528
21533
21538
21543
21548
21553
21558
21563
21568
21573
21578
21583
21588
21593
21598
21603
21608
21613
21618
21623
21628
21633
21638
21643
21648
21653
21658
21663
21668
21673
21678
21683
21688
21693
21698
21703
21708
21713
21718
21723
21728
21733
21738
21743
21748
21753
21758
21763
21768
21773
21778
21783
21788
21793
21798
21803
21808
21813
21818
21823
21828
21833
21838
21843
21848
21853
21858
21862
21866
21871
21876
21881
21886
21891
21896
21901
21906
21911
21916
21921
21926
21931
21936
21941
21946
21951
21956
21961
21966
21971
21976
21981
21986
21991
21996
22001
22006
22011
22016
22021
22026
22031
22036
22041
22046
22051
22056
22061
22066
22071
22076
22081
22086
22091
22096
22101
22106
22111
22116
22121
22126
22131
22136
22141
22146
22151
22156
22161
22166
22171
22176
22181
22186
22191
22196
22201
22206
22211
22216
22221
22226
22231
22236
22241
22246
22251
22256
22261
22266
22271
22276
22281
22286
22291
22296
22301
22306
22311
22316
22321
22326
22331
22336
22341
22346
22350
22354
22359
22364
22369
22374
22379
22384
22389
22394
22399
22404
22409
22414
22419
22424
22429
22434
22439
22444
22449
22454
22459
22464
22469
22474
22479
22484
22489
22494
22499
22504
22509
22514
22519
22524
22529
22534
22539
22544
22549
22554
22559
22564
22569
22574
22579
22584
22589
22594
22599
22604
22609
22614
22619
22624
22629
22634
22639
22644
22649
22654
22659
22664
22669
22674
22679
22684
22689
22694
22699
22704
22709
22714
22719
22724
22729
22734
22739
22744
22749
22754
22759
22764
22769
22774
22779
22784
22789
22794
22799
22804
22809
22814
22819
22824
22829
22834
22838
22842
22847
22852
22857
22862
22867
22872
22877
22882
22887
22892
22897
22902
22907
22912
22917
22922
22927
22932
22937
22942
22947
22952
22957
22962
22967
22972
22977
22982
22987
22992
22997
23002
23007
23012
23017
23022
23027
23032
23037
23042
23047
23052
23057
23062
23067
23072
23077
23082
23087
23092
23097
23102
23107
23112
23117
23122
23127
23132
23137
23142
23147
23152
23157
23162
23167
23172
23177
23182
23187
23192
23197
23202
23207
23212
23217
23222
23227
23232
23237
23242
23247
23252
23257
23262
23267
23272
23277
23282
23287
23292
23297
23302
23307
23312
23317
23322
23326
23330
23335
23340
23345
23350
23355
23360
23365
23370
23375
23380
23385
23390
23395
23400
23405
23410
23415
23420
23425
23430
23435
23440
23445
23450
23455
23460
23465
23470
23475
23480
23485
23490
23495
23500
23505
23510
23515
23520
23525
23530
23535
23540
23545
23550
23555
23560
23565
23570
23575
23580
23585
23590
23595
23600
23605
23610
23615
23620
23625
23630
23635
23640
23645
23650
23655
23660
23665
23670
23675
23680
23685
23690
23695
23700
23705
23710
23715
23720
23725
23730
23735
23740
23745
23750
23755
23760
23765
23770
23775
23780
23785
23790
23795
23800
23805
23810
23814
23818
23823
23828
23833
23838
23843
23848
23853
23858
23863
23868
23873
23878
23883
23888
23893
23898
23903
23908
23913
23918
23923
23928
23933
23938
23943
23948
23953
23958
23963
23968
23973
23978
23983
23988
23993
23998
24003
24008
24013
24018
24023
24028
24033
24038
24043
24048
24053
24058
24063
24068
24073
24078
24083
24088
24093
24098
24103
24108
24113
24118
24123
24128
24133
24138
24143
24148
24153
24158
24163
24168
24173
24178
24183
24188
24193
24198
24203
24208
24213
24218
24223
24228
24233
24238
24243
24248
24253
24258
24263
24268
24273
24278
24283
24288
24293
24298
24302
24306
24311
24316
24321
24326
24331
24336
24341
24346
24351
24356
24361
24366
24371
24376
24381
24386
24391
24396
24401
24406
24411
24416
24421
24426
24431
24436
24441
24446
24451
24456
24461
24466
24471
24476
24481
24486
24491
24496
24501
24506
24511
24516
24521
24526
24531
24536
24541
24546
24551
24556
24561
24566
24571
24576
24581
24586
24591
24596
24601
24606
24611
24616
24621
24626
24631
24636
24641
24646
24651
24656
24661
24666
24671
24676
24681
24686
24691
24696
24701
24706
24711
24716
24721
24726
24731
24736
24741
24746
24751
24756
24761
24766
24771
24776
24781
24786
24790
24794
24799
24804
24809
24814
24819
24824
24829
24834
24839
24844
24849
24854
24859
24864
24869
24874
24879
24884
24889
24894
24899
24904
24909
24914
24919
24924
24929
24934
24939
24944
24949
24954
24959
24964
24969
24974
24979
24984
24989
24994
24999
25004
25009
25014
25019
25024
25029
25034
25039
25044
25049
25054
25059
25064
25069
25074
25079
25084
25089
25094
25099
25104
25109
25114
25119
25124
25129
25134
25139
25144
25149
25154
25159
25164
25169
25174
25179
25184
25189
25194
25199
25204
25209
25214
25219
25224
25229
25234
25239
25244
25249
25254
25259
25264
25269
25274
25278
25282
25287
25292
25297
25302
25307
25312
25317
25322
25327
25332
25337
25342
25347
25352
25357
25362
25367
25372
25377
25382
25387
25392
25397
25402
25407
25412
25417
25422
25427
25432
25437
25442
25447
25452
25457
25462
25467
25472
25477
25482
25487
25492
25497
25502
25507
25512
25517
25522
25527
25532
25537
25542
25547
25552
25557
25562
25567
25572
25577
25582
25587
25592
25597
25602
25607
25612
25617
25622
25627
25632
25637
25642
25647
25652
25657
25662
25667
25672
25677
25682
25687
25692
25697
25702
25707
25712
25717
25722
25727
25732
25737
25742
25747
25752
25757
25762
25766
25770
25775
25780
25785
25790
25795
25800
25805
25810
25815
25820
25825
25830
25835
25840
25845
25850
25855
25860
25865
25870
25875
25880
25885
25890
25895
25900
25905
25910
25915
25920
25925
25930
25935
25940
25945
25950
25955
25960
25965
25970
25975
25980
25985
25990
25995
26000
26005
26010
26015
26020
26025
26030
26035
26040
26045
26050
26055
26060
26065
26070
26075
26080
26085
26090
26095
26100
26105
26110
26115
26120
26125
26130
26135
26140
26145
26150
26155
26160
26165
26170
26175
26180
26185
26190
26195
26200
26205
26210
26215
26220
26225
26230
26235
26240
26245
26250
26254
26258
26263
26268
26273
26278
26283
26288
26293
26298
26303
26308
26313
26318
26323
26328
26333
26338
26343
26348
26353
26358
26363
26368
26373
26378
26383
26388
26393
26398
26403
26408
26413
26418
26423
26428
26433
26438
26443
26448
26453
26458
26463
26468
26473
26478
26483
26488
26493
26498
26503
26508
26513
26518
26523
26528
26533
26538
26543
26548
26553
26558
26563
26568
26573
26578
26583
26588
26593
26598
26603
26608
26613
26618
26623
26628
26633
26638
26643
26648
26653
26658
26663
26668
26673
26678
26683
26688
26693
26698
26703
26708
26713
26718
26723
26728
26733
26738
26742
26746
26751
26756
26761
26766
26771
26776
26781
26786
26791
26796
26801
26806
26811
26816
26821
26826
26831
26836
26841
26846
26851
26856
26861
26866
26871
26876
26881
26886
26891
26896
26901
26906
26911
26916
26921
26926
26931
26936
26941
26946
26951
26956
26961
26966
26971
26976
26981
26986
26991
26996
27001
27006
27011
27016
27021
27026
27031
27036
27041
27046
27051
27056
27061
27066
27071
27076
27081
27086
27091
27096
27101
27106
27111
27116
27121
27126
27131
27136
27141
27146
27151
27156
27161
27166
27171
27176
27181
27186
27191
27196
27201
27206
27211
27216
27221
27226
27230
27234
27239
27244
27249
27254
27259
27264
27269
27274
27279
27284
27289
27294
27299
27304
27309
27314
27319
27324
27329
27334
27339
27344
27349
27354
27359
27364
27369
27374
27379
27384
27389
27394
27399
27404
27409
27414
27419
27424
27429
27434
27439
27444
27449
27454
27459
27464
27469
27474
27479
27484
27489
27494
27499
27504
27509
27514
27519
27524
27529
27534
27539
27544
27549
27554
27559
27564
27569
27574
27579
27584
27589
27594
27599
27604
27609
27614
27619
27624
27629
27634
27639
27644
27649
27654
27659
27664
27669
27674
27679
27684
27689
27694
27699
27704
27709
27714
27718
27722
27727
27732
27737
27742
27747
27752
27757
27762
27767
27772
27777
27782
27787
27792
27797
27802
27807
27812
27817
27822
27827
27832
27837
27842
27847
27852
27857
27862
27867
27872
27877
27882
27887
27892
27897
27902
27907
27912
27917
27922
27927
27932
27937
27942
27947
27952
27957
27962
27967
27972
27977
27982
27987
27992
27997
28002
28007
28012
28017
28022
28027
28032
28037
28042
28047
28052
28057
28062
28067
28072
28077
28082
28087
28092
28097
28102
28107
28112
28117
28122
28127
28132
28137
28142
28147
28152
28157
28162
28167
28172
28177
28182
28187
28192
28197
28202
28206
28210
28215
28220
28225
28230
28235
28240
28245
28250
28255
28260
28265
28270
28275
28280
28285
28290
28295
28300
28305
28310
28315
28320
28325
28330
28335
28340
28345
28350
28355
28360
28365
28370
28375
28380
28385
28390
28395
28400
28405
28410
28415
28420
28425
28430
28435
28440
28445
28450
28455
28460
28465
28470
28475
28480
28485
28490
28495
28500
28505
28510
28515
28520
28525
28530
28535
28540
28545
28550
28555
28560
28565
28570
28575
28580
28585
28590
28595
28600
28605
28610
28615
28620
28625
28630
28635
28640
28645
28650
28655
28660
28665
28670
28675
28680
28685
28690
28694
28698
28703
28708
28713
28718
28723
28728
28733
28738
28743
28748
28753
28758
28763
28768
28773
28778
28783
28788
28793
28798
28803
28808
28813
28818
28823
28828
28833
28838
28843
28848
28853
28858
28863
28868
28873
28878
28883
28888
28893
28898
28903
28908
28913
28918
28923
28928
28933
28938
28943
28948
28953
28958
28963
28968
28973
28978
28983
28988
28993
28998
29003
29008
29013
29018
29023
29028
29033
29038
29043
29048
29053
29058
29063
29068
29073
29078
29083
29088
29093
29098
29103
29108
29113
29118
29123
29128
29133
29138
29143
29148
29153
29158
29163
29168
29173
29178
29182
29186
29191
29196
29201
29206
29211
29216
29221
29226
29231
29236
29241
29246
29251
29256
29261
29266
29271
29276
29281
29286
29291
29296
29301
29306
29311
29316
29321
29326
29331
29336
29341
29346
29351
29356
29361
29366
29371
29376
29381
29386
29391
29396
29401
29406
29411
29416
29421
29426
29431
29436
29441
29446
29451
29456
29461
29466
29471
29476
29481
29486
29491
29496
29501
29506
29511
29516
29521
29526
29531
29536
29541
29546
29551
29556
29561
29566
29571
29576
29581
29586
29591
29596
29601
29606
29611
29616
29621
29626
29631
29636
29641
29646
29651
29656
29661
29666
29670
29674
29679
29684
29689
29694
29699
29704
29709
29714
29719
29724
29729
29734
29739
29744
29749
29754
29759
29764
29769
29774
29779
29784
29789
29794
29799
29804
29809
29814
29819
29824
29829
29834
29839
29844
29849
29854
29859
29864
29869
29874
29879
29884
29889
29894
29899
29904
29909
29914
29919
29924
29929
29934
29939
29944
29949
29954
29959
29964
29969
29974
29979
29984
29989
29994
29999
30004
30009
30014
30019
30024
30029
30034
30039
30044
30049
30054
30059
30064
30069
30074
30079
30084
30089
30094
30099
30104
30109
30114
30119
30124
30129
30134
30139
30144
30149
30154
30158
30162
30167
30172
30177
30182
30187
30192
30197
30202
30207
30212
30217
30222
30227
30232
30237
30242
30247
30252
30257
30262
30267
30272
30277
30282
30287
30292
30297
30302
30307
30312
30317
30322
30327
30332
30337
30342
30347
30352
30357
30362
30367
30372
30377
30382
30387
30392
30397
30402
30407
30412
30417
30422
30427
30432
30437
30442
30447
30452
30457
30462
30467
30472
30477
30482
30487
30492
30497
30502
30507
30512
30517
30522
30527
30532
30537
30542
30547
30552
30557
30562
30567
30572
30577
30582
30587
30592
30597
30602
30607
30612
30617
30622
30627
30632
30637
30642
30646
30650
30655
30660
30665
30670
30675
30680
30685
30690
30695
30700
30705
30710
30715
30720
30725
30730
30735
30740
30745
30750
30755
30760
30765
30770
30775
30780
30785
30790
30795
30800
30805
30810
30815
30820
30825
30830
30835
30840
30845
30850
30855
30860
30865
30870
30875
30880
30885
30890
30895
30900
30905
30910
30915
30920
30925
30930
30935
30940
30945
30950
30955
30960
30965
30970
30975
30980
30985
30990
30995
31000
31005
31010
31015
31020
31025
31030
31035
31040
31045
31050
31055
31060
31065
31070
31075
31080
31085
31090
31095
31100
31105
31110
31115
31120
31125
31130
31134
31138
31143
31148
31153
31158
31163
31168
31173
31178
31183
31188
31193
31198
31203
31208
31213
31218
31223
31228
31233
31238
31243
31248
31253
31258
31263
31268
31273
31278
31283
31288
31293
31298
31303
31308
31313
31318
31323
31328
31333
31338
31343
31348
31353
31358
31363
31368
31373
31378
31383
31388
31393
31398
31403
31408
31413
31418
31423
31428
31433
31438
31443
31448
31453
31458
31463
31468
31473
31478
31483
31488
31493
31498
31503
31508
31513
31518
31523
31528
31533
31538
31543
31548
31553
31558
31563
31568
31573
31578
31583
31588
31593
31598
31603
31608
31613
31618
31622
31626
31631
31636
31641
31646
31651
31656
31661
31666
31671
31676
31681
31686
31691
31696
31701
31706
31711
31716
31721
31726
31731
31736
31741
31746
31751
31756
31761
31766
31771
31776
31781
31786
31791
31796
31801
31806
31811
31816
31821
31826
31831
31836
31841
31846
31851
31856
31861
31866
31871
31876
31881
31886
31891
31896
31901
31906
31911
31916
31921
31926
31931
31936
31941
31946
31951
31956
31961
31966
31971
31976
31981
31986
31991
31996
32001
32006
32011
32016
32021
32026
32031
32036
32041
32046
32051
32056
32061
32066
32071
32076
32081
32086
32091
32096
32101
32106
32110
32114
32119
32124
32129
32134
32139
32144
32149
32154
32159
32164
32169
32174
32179
32184
32189
32194
32199
32204
32209
32214
32219
32224
32229
32234
32239
32244
32249
32254
32259
32264
32269
32274
32279
32284
32289
32294
32299
32304
32309
32314
32319
32324
32329
32334
32339
32344
32349
32354
32359
32364
32369
32374
32379
32384
32389
32394
32399
32404
32409
32414
32419
32424
32429
32434
32439
32444
32449
32454
32459
32464
32469
32474
32479
32484
32489
32494
32499
32504
32509
32514
32519
32524
32529
32534
32539
32544
32549
32554
32559
32564
32569
32574
32579
32584
32589
32594
32598
32602
32607
32612
32617
32622
32627
32632
32637
32642
32647
32652
32657
32662
32667
32672
32677
32682
32687
32692
32697
32702
32707
32712
32717
32722
32727
32732
32737
32742
32747
32752
32757
32762
32767
32772
32777
32782
32787
32792
32797
32802
32807
32812
32817
32822
32827
32832
32837
32842
32847
32852
32857
32862
32867
32872
32877
32882
32887
32892
32897
32902
32907
32912
32917
32922
32927
32932
32937
32942
32947
32952
32957
32962
32967
32972
32977
32982
32987
32992
32997
33002
33007
33012
33017
33022
33027
33032
33037
33042
33047
33052
33057
33062
33067
33072
33077
33082
33086
33090
33095
33100
33105
33110
33115
33120
33125
33130
33135
33140
33145
33150
33155
33160
33165
33170
33175
33180
33185
33190
33195
33200
33205
33210
33215
33220
33225
33230
33235
33240
33245
33250
33255
33260
33265
33270
33275
33280
33285
33290
33295
33300
33305
33310
33315
33320
33325
33330
33335
33340
33345
33350
33355
33360
33365
33370
33375
33380
33385
33390
33395
33400
33405
33410
33415
33420
33425
33430
33435
33440
33445
33450
33455
33460
33465
33470
33475
33480
33485
33490
33495
33500
33505
33510
33515
33520
33525
33530
33535
33540
33545
33550
33555
33560
33565
33570
33574
33578
33583
33588
33593
33598
33603
33608
33613
33618
33623
33628
33633
33638
33643
33648
33653
33658
33663
33668
33673
33678
33683
33688
33693
33698
33703
33708
33713
33718
33723
33728
33733
33738
33743
33748
33753
33758
33763
33768
33773
33778
33783
33788
33793
33798
33803
33808
33813
33818
33823
33828
33833
33838
33843
33848
33853
33858
33863
33868
33873
33878
33883
33888
33893
33898
33903
33908
33913
33918
33923
33928
33933
33938
33943
33948
33953
33958
33963
33968
33973
33978
33983
33988
33993
33998
34003
34008
34013
34018
34023
34028
34033
34038
34043
34048
34053
34058
34062
34066
34071
34076
34081
34086
34091
34096
34101
34106
34111
34116
34121
34126
34131
34136
34141
34146
34151
34156
34161
34166
34171
34176
34181
34186
34191
34196
34201
34206
34211
34216
34221
34226
34231
34236
34241
34246
34251
34256
34261
34266
34271
34276
34281
34286
34291
34296
34301
34306
34311
34316
34321
34326
34331
34336
34341
34346
34351
34356
34361
34366
34371
34376
34381
34386
34391
34396
34401
34406
34411
34416
34421
34426
34431
34436
34441
34446
34451
34456
34461
34466
34471
34476
34481
34486
34491
34496
34501
34506
34511
34516
34521
34526
34531
34536
34541
34546
34550
34554
34559
34564
34569
34574
34579
34584
34589
34594
34599
34604
34609
34614
34619
34624
34629
34634
34639
34644
34649
34654
34659
34664
34669
34674
34679
34684
34689
34694
34699
34704
34709
34714
34719
34724
34729
34734
34739
34744
34749
34754
34759
34764
34769
34774
34779
34784
34789
34794
34799
34804
34809
34814
34819
34824
34829
34834
34839
34844
34849
34854
34859
34864
34869
34874
34879
34884
34889
34894
34899
34904
34909
34914
34919
34924
34929
34934
34939
34944
34949
34954
34959
34964
34969
34974
34979
34984
34989
34994
34999
35004
35009
35014
35019
35024
35029
35034
35038
35042
35047
35052
35057
35062
35067
35072
35077
35082
35087
35092
35097
35102
35107
35112
35117
35122
35127
35132
35137
35142
35147
35152
35157
35162
35167
35172
35177
35182
35187
35192
35197
35202
35207
35212
35217
35222
35227
35232
35237
35242
35247
35252
35257
35262
35267
35272
35277
35282
35287
35292
35297
35302
35307
35312
35317
35322
35327
35332
35337
35342
35347
35352
35357
35362
35367
35372
35377
35382
35387
35392
35397
35402
35407
35412
35417
35422
35427
35432
35437
35442
35447
35452
35457
35462
35467
35472
35477
35482
35487
35492
35497
35502
35507
35512
35517
35522
35526
35530
35535
35540
35545
35550
35555
35560
35565
35570
35575
35580
35585
35590
35595
35600
35605
35610
35615
35620
35625
35630
35635
35640
35645
35650
35655
35660
35665
35670
35675
35680
35685
35690
35695
35700
35705
35710
35715
35720
35725
35730
35735
35740
35745
35750
35755
35760
35765
35770
35775
35780
35785
35790
35795
35800
35805
35810
35815
35820
35825
35830
35835
35840
35845
35850
35855
35860
35865
35870
35875
35880
35885
35890
35895
35900
35905
35910
35915
35920
35925
35930
35935
35940
35945
35950
35955
35960
35965
35970
35975
35980
35985
35990
35995
36000
36005
36010
36014
36018
36023
36028
36033
36038
36043
36048
36053
36058
36063
36068
36073
36078
36083
36088
36093
36098
36103
36108
36113
36118
36123
36128
36133
36138
36143
36148
36153
36158
36163
36168
36173
36178
36183
36188
36193
36198
36203
36208
36213
36218
36223
36228
36233
36238
36243
36248
36253
36258
36263
36268
36273
36278
36283
36288
36293
36298
36303
36308
36313
36318
36323
36328
36333
36338
36343
36348
36353
36358
36363
36368
36373
36378
36383
36388
36393
36398
36403
36408
36413
36418
36423
36428
36433
36438
36443
36448
36453
36458
36463
36468
36473
36478
36483
36488
36493
36498
36502
36506
36511
36516
36521
36526
36531
36536
36541
36546
36551
36556
36561
36566
36571
36576
36581
36586
36591
36596
36601
36606
36611
36616
36621
36626
36631
36636
36641
36646
36651
36656
36661
36666
36671
36676
36681
36686
36691
36696
36701
36706
36711
36716
36721
36726
36731
36736
36741
36746
36751
36756
36761
36766
36771
36776
36781
36786
36791
36796
36801
36806
36811
36816
36821
36826
36831
36836
36841
36846
36851
36856
36861
36866
36871
36876
36881
36886
36891
36896
36901
36906
36911
36916
36921
36926
36931
36936
36941
36946
36951
36956
36961
36966
36971
36976
36981
36986
36990
36994
36999
37004
37009
37014
37019
37024
37029
37034
37039
37044
37049
37054
37059
37064
37069
37074
37079
37084
37089
37094
37099
37104
37109
37114
37119
37124
37129
37134
37139
37144
37149
37154
37159
37164
37169
37174
37179
37184
37189
37194
37199
37204
37209
37214
37219
37224
37229
37234
37239
37244
37249
37254
37259
37264
37269
37274
37279
37284
37289
37294
37299
37304
37309
37314
37319
37324
37329
37334
37339
37344
37349
37354
37359
37364
37369
37374
37379
37384
37389
37394
37399
37404
37409
37414
37419
37424
37429
37434
37439
37444
37449
37454
37459
37464
37469
37474
37478
37482
37487
37492
37497
37502
37507
37512
37517
37522
37527
37532
37537
37542
37547
37552
37557
37562
37567
37572
37577
37582
37587
37592
37597
37602
37607
37612
37617
37622
37627
37632
37637
37642
37647
37652
37657
37662
37667
37672
37677
37682
37687
37692
37697
37702
37707
37712
37717
37722
37727
37732
37737
37742
37747
37752
37757
37762
37767
37772
37777
37782
37787
37792
37797
37802
37807
37812
37817
37822
37827
37832
37837
37842
37847
37852
37857
37862
37867
37872
37877
37882
37887
37892
37897
37902
37907
37912
37917
37922
37927
37932
37937
37942
37947
37952
37957
37962
37966
37970
37975
37980
37985
37990
37995
38000
38005
38010
38015
38020
38025
38030
38035
38040
38045
38050
38055
38060
38065
38070
38075
38080
38085
38090
38095
38100
38105
38110
38115
38120
38125
38130
38135
38140
38145
38150
38155
38160
38165
38170
38175
38180
38185
38190
38195
38200
38205
38210
38215
38220
38225
38230
38235
38240
38245
38250
38255
38260
38265
38270
38275
38280
38285
38290
38295
38300
38305
38310
38315
38320
38325
38330
38335
38340
38345
38350
38355
38360
38365
38370
38375
38380
38385
38390
38395
38400
38405
38410
38415
38420
38425
38430
38435
38440
38445
38450
38454
38458
38463
38468
38473
38478
38483
38488
38493
38498
38503
38508
38513
38518
38523
38528
38533
38538
38543
38548
38553
38558
38563
38568
38573
38578
38583
38588
38593
38598
38603
38608
38613
38618
38623
38628
38633
38638
38643
38648
38653
38658
38663
38668
38673
38678
38683
38688
38693
38698
38703
38708
38713
38718
38723
38728
38733
38738
38743
38748
38753
38758
38763
38768
38773
38778
38783
38788
38793
38798
38803
38808
38813
38818
38823
38828
38833
38838
38843
38848
38853
38858
38863
38868
38873
38878
38883
38888
38893
38898
38903
38908
38913
38918
38923
38928
38933
38938
38942
38946
38951
38956
38961
38966
38971
38976
38981
38986
38991
38996
39001
39006
39011
39016
39021
39026
39031
39036
39041
39046
39051
39056
39061
39066
39071
39076
39081
39086
39091
39096
39101
39106
39111
39116
39121
39126
39131
39136
39141
39146
39151
39156
39161
39166
39171
39176
39181
39186
39191
39196
39201
39206
39211
39216
39221
39226
39231
39236
39241
39246
39251
39256
39261
39266
39271
39276
39281
39286
39291
39296
39301
39306
39311
39316
39321
39326
39331
39336
39341
39346
39351
39356
39361
39366
39371
39376
39381
39386
39391
39396
39401
39406
39411
39416
39421
39426
39430
39434
39439
39444
39449
39454
39459
39464
39469
39474
39479
39484
39489
39494
39499
39504
39509
39514
39519
39524
39529
39534
39539
39544
39549
39554
39559
39564
39569
39574
39579
39584
39589
39594
39599
39604
39609
39614
39619
39624
39629
39634
39639
39644
39649
39654
39659
39664
39669
39674
39679
39684
39689
39694
39699
39704
39709
39714
39719
39724
39729
39734
39739
39744
39749
39754
39759
39764
39769
39774
39779
39784
39789
39794
39799
39804
39809
39814
39819
39824
39829
39834
39839
39844
39849
39854
39859
39864
39869
39874
39879
39884
39889
39894
39899
39904
39909
39914
39918
39922
39927
39932
39937
39942
39947
39952
39957
39962
39967
39972
39977
39982
39987
39992
39997
40002
40007
40012
40017
40022
40027
40032
40037
40042
40047
40052
40057
40062
40067
40072
40077
40082
40087
40092
40097
40102
40107
40112
40117
40122
40127
40132
40137
40142
40147
40152
40157
40162
40167
40172
40177
40182
40187
40192
40197
40202
40207
40212
40217
40222
40227
40232
40237
40242
40247
40252
40257
40262
40267
40272
40277
40282
40287
40292
40297
40302
40307
40312
40317
40322
40327
40332
40337
40342
40347
40352
40357
40362
40367
40372
40377
40382
40387
40392
40397
40402
40406
40410
40415
40420
40425
40430
40435
40440
40445
40450
40455
40460
40465
40470
40475
40480
40485
40490
40495
40500
40505
40510
40515
40520
40525
40530
40535
40540
40545
40550
40555
40560
40565
40570
40575
40580
40585
40590
40595
40600
40605
40610
40615
40620
40625
40630
40635
40640
40645
40650
40655
40660
40665
40670
40675
40680
40685
40690
40695
40700
40705
40710
40715
40720
40725
40730
40735
40740
40745
40750
40755
40760
40765
40770
40775
40780
40785
40790
40795
40800
40805
40810
40815
40820
40825
40830
40835
40840
40845
40850
40855
40860
40865
40870
40875
40880
40885
40890
40894
40898
40903
40908
40913
40918
40923
40928
40933
40938
40943
40948
40953
40958
40963
40968
40973
40978
40983
40988
40993
40998
41003
41008
41013
41018
41023
41028
41033
41038
41043
41048
41053
41058
41063
41068
41073
41078
41083
41088
41093
41098
41103
41108
41113
41118
41123
41128
41133
41138
41143
41148
41153
41158
41163
41168
41173
41178
41183
41188
41193
41198
41203
41208
41213
41218
41223
41228
41233
41238
41243
41248
41253
41258
41263
41268
41273
41278
41283
41288
41293
41298
41303
41308
41313
41318
41323
41328
41333
41338
41343
41348
41353
41358
41363
41368
41373
41378
41382
41386
41391
41396
41401
41406
41411
41416
41421
41426
41431
41436
41441
41446
41451
41456
41461
41466
41471
41476
41481
41486
41491
41496
41501
41506
41511
41516
41521
41526
41531
41536
41541
41546
41551
41556
41561
41566
41571
41576
41581
41586
41591
41596
41601
41606
41611
41616
41621
41626
41631
41636
41641
41646
41651
41656
41661
41666
41671
41676
41681
41686
41691
41696
41701
41706
41711
41716
41721
41726
41731
41736
41741
41746
41751
41756
41761
41766
41771
41776
41781
41786
41791
41796
41801
41806
41811
41816
41821
41826
41831
41836
41841
41846
41851
41856
41861
41866
41870
41874
41879
41884
41889
41894
41899
41904
41909
41914
41919
41924
41929
41934
41939
41944
41949
41954
41959
41964
41969
41974
41979
41984
41989
41994
41999
42004
42009
42014
42019
42024
42029
42034
42039
42044
42049
42054
42059
42064
42069
42074
42079
42084
42089
42094
42099
42104
42109
42114
42119
42124
42129
42134
42139
42144
42149
42154
42159
42164
42169
42174
42179
42184
42189
42194
42199
42204
42209
42214
42219
42224
42229
42234
42239
42244
42249
42254
42259
42264
42269
42274
42279
42284
42289
42294
42299
42304
42309
42314
42319
42324
42329
42334
42339
42344
42349
42354
42358
42362
42367
42372
42377
42382
42387
42392
42397
42402
42407
42412
42417
42422
42427
42432
42437
42442
42447
42452
42457
42462
42467
42472
42477
42482
42487
42492
42497
42502
42507
42512
42517
42522
42527
42532
42537
42542
42547
42552
42557
42562
42567
42572
42577
42582
42587
42592
42597
42602
42607
42612
42617
42622
42627
42632
42637
42642
42647
42652
42657
42662
42667
42672
42677
42682
42687
42692
42697
42702
42707
42712
42717
42722
42727
42732
42737
42742
42747
42752
42757
42762
42767
42772
42777
42782
42787
42792
42797
42802
42807
42812
42817
42822
42827
42832
42837
42842
42846
42850
42855
42860
42865
42870
42875
42880
42885
42890
42895
42900
42905
42910
42915
42920
42925
42930
42935
42940
42945
42950
42955
42960
42965
42970
42975
42980
42985
42990
42995
43000
43005
43010
43015
43020
43025
43030
43035
43040
43045
43050
43055
43060
43065
43070
43075
43080
43085
43090
43095
43100
43105
43110
43115
43120
43125
43130
43135
43140
43145
43150
43155
43160
43165
43170
43175
43180
43185
43190
43195
43200
43205
43210
43215
43220
43225
43230
43235
43240
43245
43250
43255
43260
43265
43270
43275
43280
43285
43290
43295
43300
43305
43310
43315
43320
43325
43330
43334
43338
43343
43348
43353
43358
43363
43368
43373
43378
43383
43388
43393
43398
43403
43408
43413
43418
43423
43428
43433
43438
43443
43448
43453
43458
43463
43468
43473
43478
43483
43488
43493
43498
43503
43508
43513
43518
43523
43528
43533
43538
43543
43548
43553
43558
43563
43568
43573
43578
43583
43588
43593
43598
43603
43608
43613
43618
43623
43628
43633
43638
43643
43648
43653
43658
43663
43668
43673
43678
43683
43688
43693
43698
43703
43708
43713
43718
43723
43728
43733
43738
43743
43748
43753
43758
43763
43768
43773
43778
43783
43788
43793
43798
43803
43808
43813
43818
43822
43826
43831
43836
43841
43846
43851
43856
43861
43866
43871
43876
43881
43886
43891
43896
43901
43906
43911
43916
43921
43926
43931
43936
43941
43946
43951
43956
43961
43966
43971
43976
43981
43986
43991
43996
44001
44006
44011
44016
44021
44026
44031
44036
44041
44046
44051
44056
44061
44066
44071
44076
44081
44086
44091
44096
44101
44106
44111
44116
44121
44126
44131
44136
44141
44146
44151
44156
44161
44166
44171
44176
44181
44186
44191
44196
44201
44206
44211
44216
44221
44226
44231
44236
44241
44246
44251
44256
44261
44266
44271
44276
44281
44286
44291
44296
44301
44306
44310
44314
44319
44324
44329
44334
44339
44344
44349
44354
44359
44364
44369
44374
44379
44384
44389
44394
44399
44404
44409
44414
44419
44424
44429
44434
44439
44444
44449
44454
44459
44464
44469
44474
44479
44484
44489
44494
44499
44504
44509
44514
44519
44524
44529
44534
44539
44544
44549
44554
44559
44564
44569
44574
44579
44584
44589
44594
44599
44604
44609
44614
44619
44624
44629
44634
44639
44644
44649
44654
44659
44664
44669
44674
44679
44684
44689
44694
44699
44704
44709
44714
44719
44724
44729
44734
44739
44744
44749
44754
44759
44764
44769
44774
44779
44784
44789
44794
44798
44802
44807
44812
44817
44822
44827
44832
44837
44842
44847
44852
44857
44862
44867
44872
44877
44882
44887
44892
44897
44902
44907
44912
44917
44922
44927
44932
44937
44942
44947
44952
44957
44962
44967
44972
44977
44982
44987
44992
44997
45002
45007
45012
45017
45022
45027
45032
45037
45042
45047
45052
45057
45062
45067
45072
45077
45082
45087
45092
45097
45102
45107
45112
45117
45122
45127
45132
45137
45142
45147
45152
45157
45162
45167
45172
45177
45182
45187
45192
45197
45202
45207
45212
45217
45222
45227
45232
45237
45242
45247
45252
45257
45262
45267
45272
45277
45282
45286
45290
45295
45300
45305
45310
45315
45320
45325
45330
45335
45340
45345
45350
45355
45360
45365
45370
45375
45380
45385
45390
45395
45400
45405
45410
45415
45420
45425
45430
45435
45440
45445
45450
45455
45460
45465
45470
45475
45480
45485
45490
45495
45500
45505
45510
45515
45520
45525
45530
45535
45540
45545
45550
45555
45560
45565
45570
45575
45580
45585
45590
45595
45600
45605
45610
45615
45620
45625
45630
45635
45640
45645
45650
45655
45660
45665
45670
45675
45680
45685
45690
45695
45700
45705
45710
45715
45720
45725
45730
45735
45740
45745
45750
45755
45760
45765
45770
45774
45778
45783
45788
45793
45798
45803
45808
45813
45818
45823
45828
45833
45838
45843
45848
45853
45858
45863
45868
45873
45878
45883
45888
45893
45898
45903
45908
45913
45918
45923
45928
45933
45938
45943
45948
45953
45958
45963
45968
45973
45978
45983
45988
45993
45998
46003
46008
46013
46018
46023
46028
46033
46038
46043
46048
46053
46058
46063
46068
46073
46078
46083
46088
46093
46098
46103
46108
46113
46118
46123
46128
46133
46138
46143
46148
46153
46158
46163
46168
46173
46178
46183
46188
46193
46198
46203
46208
46213
46218
46223
46228
46233
46238
46243
46248
46253
46258
46262
46266
46271
46276
46281
46286
46291
46296
46301
46306
46311
46316
46321
46326
46331
46336
46341
46346
46351
46356
46361
46366
46371
46376
46381
46386
46391
46396
46401
46406
46411
46416
46421
46426
46431
46436
46441
46446
46451
46456
46461
46466
46471
46476
46481
46486
46491
46496
46501
46506
46511
46516
46521
46526
46531
46536
46541
46546
46551
46556
46561
46566
46571
46576
46581
46586
46591
46596
46601
46606
46611
46616
46621
46626
46631
46636
46641
46646
46651
46656
46661
46666
46671
46676
46681
46686
46691
46696
46701
46706
46711
46716
46721
46726
46731
46736
46741
46746
46750
46754
46759
46764
46769
46774
46779
46784
46789
46794
46799
46804
46809
46814
46819
46824
46829
46834
46839
46844
46849
46854
46859
46864
46869
46874
46879
46884
46889
46894
46899
46904
46909
46914
46919
46924
46929
46934
46939
46944
46949
46954
46959
46964
46969
46974
46979
46984
46989
46994
46999
47004
47009
47014
47019
47024
47029
47034
47039
47044
47049
47054
47059
47064
47069
47074
47079
47084
47089
47094
47099
47104
47109
47114
47119
47124
47129
47134
47139
47144
47149
47154
47159
47164
47169
47174
47179
47184
47189
47194
47199
47204
47209
47214
47219
47224
47229
47234
47238
47241
47245
47249
47253
47257
47261
47265
47269
47273
47277
47281
47285
47289
47293
47297
47301
47305
47309
47313
47317
47321
47325
47329
47333
47337
47341
47345
47349
47353
47357
47361
47365
47369
47373
47377
47381
47385
47389
47393
47397
47401
47405
47409
47413
47417
47421
47425
47429
47433
47437
47441
47445
47449
47453
47457
47461
47465
47469
47473
47477
47481
47485
47489
47493
47497
47501
47505
47509
47513
47517
47521
47525
47529
47533
47537
47541
47545
47549
47553
47557
47561
47565
47569
47573
47577
47581
47585
47589
47593
47597
47601
47605
47609
47613
47617
47621
47625
47628
