16.000000000000000
-4.000000000000000
-4.000000000000000
-4.000000000000000
16.000000000000000
-4.000000000000000
-4.000000000000000
-4.000000000000000
16.000000000000000
-4.000000000000000
-4.000000000000000
-4.000000000000000
16.000000000000000
-4.000000000000000
-4.000000000000000
-4.000000000000000
16.000000000000000
-4.000000000000000
-4.000000000000000
-4.000000000000000
16.000000000000000
-4.000000000000000
-4.000000000000000
16.000000000000000
-4.000000000000000
-4.000000000000000
-4.000000000000000
-4.000000000000000
16.000000000000000
-4.000000000000000
-4.000000000000000
-4.000000000000000
-4.000000000000000
16.000000000000000
-4.000000000000000
-4.000000000000000
-4.000000000000000
-4.000000000000000
16.000000000000000
-4.000000000000000
-4.000000000000000
-4.000000000000000
-4.000000000000000
16.000000000000000
-4.000000000000000
-4.000000000000000
-4.000000000000000
-4.000000000000000
16.000000000000000
-4.000000000000000
-4.000000000000000
16.000000000000000
-4.000000000000000
-4.000000000000000
-4.000000000000000
-4.000000000000000
16.000000000000000
-4.000000000000000
-4.000000000000000
-4.000000000000000
-4.000000000000000
16.000000000000000
-4.000000000000000
-4.000000000000000
-4.000000000000000
-4.000000000000000
16.000000000000000
-4.000000000000000
-4.000000000000000
-4.000000000000000
-4.000000000000000
16.000000000000000
-4.000000000000000
-4.000000000000000
-4.000000000000000
-4.000000000000000
16.000000000000000
-4.000000000000000
-4.000000000000000
16.000000000000000
-4.000000000000000
-4.000000000000000
-4.000000000000000
-4.000000000000000
16.000000000000000
-4.000000000000000
-4.000000000000000
-4.000000000000000
-4.000000000000000
16.000000000000000
-4.000000000000000
-4.000000000000000
-4.000000000000000
-4.000000000000000
16.000000000000000
-4.000000000000000
-4.000000000000000
-4.000000000000000
16.000000000000000
-4.000000000000000
-4.000000000000000
-4.000000000000000
16.000000000000000
-4.000000000000000
16.000000000000000
-4.000000000000000
-4.000000000000000
-4.000000000000000
-4.000000000000000
16.000000000000000
-4.000000000000000
-4.000000000000000
-4.000000000000000
-4.000000000000000
16.000000000000000
-4.000000000000000
1.000000000000000
1.000000000000000
1.000000000000000
-4.000000000000000
16.000000000000000
-4.000000000000000
-4.000000000000000
-4.000000000000000
16.000000000000000
-4.000000000000000
-4.000000000000000
-4.000000000000000
16.000000000000000
1.000000000000000
1.000000000000000
1.000000000000000
