0
1
28
0
1
2
29
1
2
3
30
2
3
4
31
3
4
5
32
4
5
6
33
5
6
7
34
6
7
8
35
7
8
9
36
8
9
10
37
9
10
11
38
10
11
12
39
11
12
13
40
12
13
14
41
13
14
15
42
14
15
16
43
15
16
17
44
16
17
18
45
17
18
19
46
18
19
20
47
19
20
21
48
20
21
22
49
21
22
23
50
22
23
24
51
23
24
25
52
24
25
26
53
25
26
27
54
26
27
55
0
28
29
56
1
28
29
30
57
2
29
30
31
58
3
30
31
32
59
4
31
32
33
60
5
32
33
34
61
6
33
34
35
62
7
34
35
36
63
8
35
36
37
64
9
36
37
38
65
10
37
38
39
66
11
38
39
40
67
12
39
40
41
68
13
40
41
42
69
14
41
42
43
70
15
42
43
44
71
16
43
44
45
72
17
44
45
46
73
18
45
46
47
74
19
46
47
48
75
20
47
48
49
76
21
48
49
50
77
22
49
50
51
78
23
50
51
52
79
24
51
52
53
80
25
52
53
54
81
26
53
54
55
82
27
54
55
83
28
56
57
84
29
56
57
58
85
30
57
58
59
86
31
58
59
60
87
32
59
60
61
88
33
60
61
62
89
34
61
62
63
90
35
62
63
64
91
36
63
64
65
92
37
64
65
66
93
38
65
66
67
94
39
66
67
68
95
40
67
68
69
96
41
68
69
70
97
42
69
70
71
98
43
70
71
72
99
44
71
72
73
100
45
72
73
74
101
46
73
74
75
102
47
74
75
76
103
48
75
76
77
104
49
76
77
78
105
50
77
78
79
106
51
78
79
80
107
52
79
80
81
108
53
80
81
82
109
54
81
82
83
110
55
82
83
111
56
84
85
112
57
84
85
86
113
58
85
86
87
114
59
86
87
88
115
60
87
88
89
116
61
88
89
90
117
62
89
90
91
118
63
90
91
92
119
64
91
92
93
120
65
92
93
94
121
66
93
94
95
122
67
94
95
96
123
68
95
96
97
124
69
96
97
98
125
70
97
98
99
126
71
98
99
100
127
72
99
100
101
128
73
100
101
102
129
74
101
102
103
130
75
102
103
104
131
76
103
104
105
132
77
104
105
106
133
78
105
106
107
134
79
106
107
108
135
80
107
108
109
136
81
108
109
110
137
82
109
110
111
138
83
110
111
139
84
112
113
140
85
112
113
114
141
86
113
114
115
142
87
114
115
116
143
88
115
116
117
144
89
116
117
118
145
90
117
118
119
146
91
118
119
120
147
92
119
120
121
148
93
120
121
122
149
94
121
122
123
150
95
122
123
124
151
96
123
124
125
152
97
124
125
126
153
98
125
126
127
154
99
126
127
128
155
100
127
128
129
156
101
128
129
130
157
102
129
130
131
158
103
130
131
132
159
104
131
132
133
160
105
132
133
134
161
106
133
134
135
162
107
134
135
136
163
108
135
136
137
164
109
136
137
138
165
110
137
138
139
166
111
138
139
167
112
140
141
168
113
140
141
142
169
114
141
142
143
170
115
142
143
144
171
116
143
144
145
172
117
144
145
146
173
118
145
146
147
174
119
146
147
148
175
120
147
148
149
176
121
148
149
150
177
122
149
150
151
178
123
150
151
152
179
124
151
152
153
180
125
152
153
154
181
126
153
154
155
182
127
154
155
156
183
128
155
156
157
184
129
156
157
158
185
130
157
158
159
186
131
158
159
160
187
132
159
160
161
188
133
160
161
162
189
134
161
162
163
190
135
162
163
164
191
136
163
164
165
192
137
164
165
166
193
138
165
166
167
194
139
166
167
195
140
168
169
196
141
168
169
170
197
142
169
170
171
198
143
170
171
172
199
144
171
172
173
200
145
172
173
174
201
146
173
174
175
202
147
174
175
176
203
148
175
176
177
204
149
176
177
178
205
150
177
178
179
206
151
178
179
180
207
152
179
180
181
208
153
180
181
182
209
154
181
182
183
210
155
182
183
184
211
156
183
184
185
212
157
184
185
186
213
158
185
186
187
214
159
186
187
188
215
160
187
188
189
216
161
188
189
190
217
162
189
190
191
218
163
190
191
192
219
164
191
192
193
220
165
192
193
194
221
166
193
194
195
222
167
194
195
223
168
196
197
224
169
196
197
198
225
170
197
198
199
226
171
198
199
200
227
172
199
200
201
228
173
200
201
202
229
174
201
202
203
230
175
202
203
204
231
176
203
204
205
232
177
204
205
206
233
178
205
206
207
234
179
206
207
208
235
180
207
208
209
236
181
208
209
210
237
182
209
210
211
238
183
210
211
212
239
184
211
212
213
240
185
212
213
214
241
186
213
214
215
242
187
214
215
216
243
188
215
216
217
244
189
216
217
218
245
190
217
218
219
246
191
218
219
220
247
192
219
220
221
248
193
220
221
222
249
194
221
222
223
250
195
222
223
251
196
224
225
252
197
224
225
226
253
198
225
226
227
254
199
226
227
228
255
200
227
228
229
256
201
228
229
230
257
202
229
230
231
258
203
230
231
232
259
204
231
232
233
260
205
232
233
234
261
206
233
234
235
262
207
234
235
236
263
208
235
236
237
264
209
236
237
238
265
210
237
238
239
266
211
238
239
240
267
212
239
240
241
268
213
240
241
242
269
214
241
242
243
270
215
242
243
244
271
216
243
244
245
272
217
244
245
246
273
218
245
246
247
274
219
246
247
248
275
220
247
248
249
276
221
248
249
250
277
222
249
250
251
278
223
250
251
279
224
252
253
280
225
252
253
254
281
226
253
254
255
282
227
254
255
256
283
228
255
256
257
284
229
256
257
258
285
230
257
258
259
286
231
258
259
260
287
232
259
260
261
288
233
260
261
262
289
234
261
262
263
290
235
262
263
264
291
236
263
264
265
292
237
264
265
266
293
238
265
266
267
294
239
266
267
268
295
240
267
268
269
296
241
268
269
270
297
242
269
270
271
298
243
270
271
272
299
244
271
272
273
300
245
272
273
274
301
246
273
274
275
302
247
274
275
276
303
248
275
276
277
304
249
276
277
278
305
250
277
278
279
306
251
278
279
307
252
280
281
308
253
280
281
282
309
254
281
282
283
310
255
282
283
284
311
256
283
284
285
312
257
284
285
286
313
258
285
286
287
314
259
286
287
288
315
260
287
288
289
316
261
288
289
290
317
262
289
290
291
318
263
290
291
292
319
264
291
292
293
320
265
292
293
294
321
266
293
294
295
322
267
294
295
296
323
268
295
296
297
324
269
296
297
298
325
270
297
298
299
326
271
298
299
300
327
272
299
300
301
328
273
300
301
302
329
274
301
302
303
330
275
302
303
304
331
276
303
304
305
332
277
304
305
306
333
278
305
306
307
334
279
306
307
335
280
308
309
336
281
308
309
310
337
282
309
310
311
338
283
310
311
312
339
284
311
312
313
340
285
312
313
314
341
286
313
314
315
342
287
314
315
316
343
288
315
316
317
344
289
316
317
318
345
290
317
318
319
346
291
318
319
320
347
292
319
320
321
348
293
320
321
322
349
294
321
322
323
350
295
322
323
324
351
296
323
324
325
352
297
324
325
326
353
298
325
326
327
354
299
326
327
328
355
300
327
328
329
356
301
328
329
330
357
302
329
330
331
358
303
330
331
332
359
304
331
332
333
360
305
332
333
334
361
306
333
334
335
362
307
334
335
363
308
336
337
364
309
336
337
338
365
310
337
338
339
366
311
338
339
340
367
312
339
340
341
368
313
340
341
342
369
314
341
342
343
370
315
342
343
344
371
316
343
344
345
372
317
344
345
346
373
318
345
346
347
374
319
346
347
348
375
320
347
348
349
376
321
348
349
350
377
322
349
350
351
378
323
350
351
352
379
324
351
352
353
380
325
352
353
354
381
326
353
354
355
382
327
354
355
356
383
328
355
356
357
384
329
356
357
358
385
330
357
358
359
386
331
358
359
360
387
332
359
360
361
388
333
360
361
362
389
334
361
362
363
390
335
362
363
391
336
364
365
392
337
364
365
366
393
338
365
366
367
394
339
366
367
368
395
340
367
368
369
396
341
368
369
370
397
342
369
370
371
398
343
370
371
372
399
344
371
372
373
400
345
372
373
374
401
346
373
374
375
402
347
374
375
376
403
348
375
376
377
404
349
376
377
378
405
350
377
378
379
406
351
378
379
380
407
352
379
380
381
408
353
380
381
382
409
354
381
382
383
410
355
382
383
384
411
356
383
384
385
412
357
384
385
386
413
358
385
386
387
414
359
386
387
388
415
360
387
388
389
416
361
388
389
390
417
362
389
390
391
418
363
390
391
419
364
392
393
420
365
392
393
394
421
366
393
394
395
422
367
394
395
396
423
368
395
396
397
424
369
396
397
398
425
370
397
398
399
426
371
398
399
400
427
372
399
400
401
428
373
400
401
402
429
374
401
402
403
430
375
402
403
404
431
376
403
404
405
432
377
404
405
406
433
378
405
406
407
434
379
406
407
408
435
380
407
408
409
436
381
408
409
410
437
382
409
410
411
438
383
410
411
412
439
384
411
412
413
440
385
412
413
414
441
386
413
414
415
442
387
414
415
416
443
388
415
416
417
444
389
416
417
418
445
390
417
418
419
446
391
418
419
447
392
420
421
448
393
420
421
422
449
394
421
422
423
450
395
422
423
424
451
396
423
424
425
452
397
424
425
426
453
398
425
426
427
454
399
426
427
428
455
400
427
428
429
456
401
428
429
430
457
402
429
430
431
458
403
430
431
432
459
404
431
432
433
405
432
433
434
406
433
434
435
407
434
435
436
408
435
436
437
409
436
437
438
410
437
438
439
411
438
439
440
412
439
440
441
413
440
441
442
414
441
442
443
415
442
443
444
416
443
444
445
417
444
445
446
418
445
446
447
419
446
447
420
448
449
460
421
448
449
450
461
422
449
450
451
462
423
450
451
452
463
424
451
452
453
464
425
452
453
454
465
426
453
454
455
466
427
454
455
456
467
428
455
456
457
468
429
456
457
458
469
430
457
458
459
470
431
458
459
471
448
460
461
472
449
460
461
462
473
450
461
462
463
474
451
462
463
464
475
452
463
464
465
476
453
464
465
466
477
454
465
466
467
478
455
466
467
468
479
456
467
468
469
480
457
468
469
470
481
458
469
470
471
482
459
470
471
483
460
472
473
484
461
472
473
474
485
462
473
474
475
486
463
474
475
476
487
464
475
476
477
488
465
476
477
478
489
466
477
478
479
490
467
478
479
480
491
468
479
480
481
492
469
480
481
482
493
470
481
482
483
494
471
482
483
495
472
484
485
496
473
484
485
486
497
474
485
486
487
498
475
486
487
488
499
476
487
488
489
500
477
488
489
490
501
478
489
490
491
502
479
490
491
492
503
480
491
492
493
504
481
492
493
494
505
482
493
494
495
506
483
494
495
507
484
496
497
508
485
496
497
498
509
486
497
498
499
510
487
498
499
500
511
488
499
500
501
512
489
500
501
502
513
490
501
502
503
514
491
502
503
504
515
492
503
504
505
516
493
504
505
506
517
494
505
506
507
518
495
506
507
519
496
508
509
520
497
508
509
510
521
498
509
510
511
522
499
510
511
512
523
500
511
512
513
524
501
512
513
514
525
502
513
514
515
526
503
514
515
516
527
504
515
516
517
528
505
516
517
518
529
506
517
518
519
530
507
518
519
531
508
520
521
532
509
520
521
522
533
510
521
522
523
534
511
522
523
524
535
512
523
524
525
536
513
524
525
526
537
514
525
526
527
538
515
526
527
528
539
516
527
528
529
540
517
528
529
530
541
518
529
530
531
542
519
530
531
543
520
532
533
544
521
532
533
534
545
522
533
534
535
546
523
534
535
536
547
524
535
536
537
548
525
536
537
538
549
526
537
538
539
550
527
538
539
540
551
528
539
540
541
552
529
540
541
542
553
530
541
542
543
554
531
542
543
555
532
544
545
556
533
544
545
546
557
534
545
546
547
558
535
546
547
548
559
536
547
548
549
560
537
548
549
550
561
538
549
550
551
562
539
550
551
552
563
540
551
552
553
564
541
552
553
554
565
542
553
554
555
566
543
554
555
567
544
556
557
568
545
556
557
558
569
546
557
558
559
570
547
558
559
560
571
548
559
560
561
572
549
560
561
562
573
550
561
562
563
574
551
562
563
564
575
552
563
564
565
576
553
564
565
566
577
554
565
566
567
578
555
566
567
579
556
568
569
580
557
568
569
570
581
558
569
570
571
582
559
570
571
572
583
560
571
572
573
584
561
572
573
574
585
562
573
574
575
586
563
574
575
576
587
564
575
576
577
588
565
576
577
578
589
566
577
578
579
590
567
578
579
591
568
580
581
569
580
581
582
570
581
582
583
571
582
583
584
572
583
584
585
573
584
585
586
574
585
586
587
575
586
587
588
576
587
588
589
577
588
589
590
578
589
590
591
579
590
591
